anchor_t: 4.654614312614727
box: 0.10503269133569182
cls: 2.3642022259885604
cls_pw: 1.645332322590784
copy_paste: 0.34151651509045533
degrees: 11.7064826641128
fl_gamma: 1.8617819924678396
fliplr: 0.8892312042967946
flipud: 0.27888276123129874
hsv_h: 0.02906130077873469
hsv_s: 0.07688151061152533
hsv_v: 0.7458324482211102
iou_t: 0.47034536120192394
lr0: 0.00820648564474662
lrf: 0.3758722217369965
mixup: 0.0659306679240953
momentum: 0.6636311264315914
mosaic: 0.11181467414496848
obj: 2.794831862436585
obj_pw: 1.151496424901559
perspective: 4.480672186347723e-05
scale: 0.6173904061982333
shear: 7.255372132266342
translate: 0.01950498477987572
warmup_bias_lr: 0.015189612176989066
warmup_epochs: 3.814677247443333
warmup_momentum: 0.3201257615311301
weight_decay: 0.0009265217355160502