# YOLOv5 Hyperparameter Evolution Results
# Best generation: 69
# Last generation: 237
#    metrics/precision,       metrics/recall,      metrics/mAP_0.5, metrics/mAP_0.5:0.95,         val/box_loss,         val/obj_loss,         val/cls_loss
#              0.76573,              0.84625,              0.85964,                0.684,             0.015542,             0.014735,             0.012886

lr0: 0.01058
lrf: 0.01006
momentum: 0.95597
weight_decay: 0.00043
warmup_epochs: 3.7587
warmup_momentum: 0.8884
warmup_bias_lr: 0.11224
box: 0.05081
cls: 0.37944
cls_pw: 0.89401
obj: 0.79584
obj_pw: 1.2525
iou_t: 0.2
anchor_t: 4.6815
fl_gamma: 0.0
hsv_h: 0.01376
hsv_s: 0.70356
hsv_v: 0.29672
degrees: 0.0
translate: 0.10372
scale: 0.55228
shear: 0.0
perspective: 0.0
flipud: 0.0
fliplr: 0.5
mosaic: 0.5631
mixup: 0.0
copy_paste: 0.0
anchors: 2.0
